1
2
3
4
5
6
7
9
10
11
12
13
14
15
16
17
18
19
20
21
22
23
24
25
26
27
28
29
30
31
32
33
34
35
36
37
38
39
40
41
42
43
44
45
47
48
49
50
51
52
53
54
55
56
57
58
59
60
61
62
63
64
65
66
67
68
69
70
71
72
73
74
75
76
78
79
80
81
82
83
84
85
86
87
88
89
90
91
92
93
94
95
96
97
98
100
101
102
103
104
105
106
107
108
110
111
112
113
114
115
116
117
118
120
122
123
125
127
128
129
130
131
134
135
136
137
138
139
140
141
142
143
144
145
146
148
149
151
152
153
154
155
156
157
159
160
161
162
163
164
166
167
169
170
174
175
180
181
182
185
186
187
188
189
191
192
193
194
196
197
199
201
202
203
204
205
207
208
295
311
313
324
327
336
338
339
341
342
343
344
350
356
357
360
